# time_ns ram_addr data nMRD nMWR Q SC
7125 0000 00 1 1 0 01
9375 0000 71 0 1 0 00
11375 0001 00 0 1 0 01
13375 0002 E2 0 1 0 00
15375 0000 00 1 1 0 01
17375 0003 7B 0 1 0 00
19375 0004 00 1 1 1 01
21375 0004 90 0 1 1 00
23375 0005 00 1 1 1 01
25375 0005 B3 0 1 1 00
27375 0000 00 1 1 1 01
29375 0006 F8 0 1 1 00
31375 0007 1E 0 1 1 01
33375 0008 A3 0 1 1 00
35375 0000 00 1 1 1 01
37375 0009 53 0 1 1 00
39375 001E 1E 1 1 1 01
41375 000A 13 0 1 1 00
43375 001E 00 1 1 1 01
45375 000B E3 0 1 1 00
47375 001F 00 1 1 1 01
49375 000C 73 0 1 1 00
51375 001F 1E 1 1 1 01
53375 000D 60 0 1 1 00
55375 001E 1E 0 1 1 01
62625 000E 60 0 1 1 00
64625 001F 1E 0 1 1 01
66625 000F 83 0 1 1 00
68625 0020 00 1 1 1 01
70625 0010 53 0 1 1 00
72625 0020 20 1 1 1 01
74625 0011 C4 0 1 1 00
76625 0012 43 0 1 1 01
78625 0012 43 0 1 1 01
80625 0012 43 0 1 1 00
82625 0020 20 0 1 1 01
84625 0013 53 0 1 1 00
86625 0021 20 1 1 1 01
88625 0014 03 0 1 1 00
90625 0021 20 0 1 1 01
92625 0015 13 0 1 1 00
94625 0021 00 1 1 1 01
96625 0016 53 0 1 1 00
98625 0022 20 1 1 1 01
100625 0017 72 0 1 1 00
102625 0022 20 0 1 1 01
104625 0018 53 0 1 1 00
106625 0023 20 1 1 1 01
108625 0019 F0 0 1 1 00
110625 0023 20 0 1 1 01
112625 001A 13 0 1 1 00
114625 0023 00 1 1 1 01
116625 001B 53 0 1 1 00
118625 0024 20 1 1 1 01
120625 001C 13 0 1 1 00
122625 0024 00 1 1 1 01
124625 001D D3 0 1 1 00
126625 0025 00 1 1 1 01
128625 0025 E2 0 1 1 00
130625 0000 00 1 1 1 01
132625 0026 93 0 1 1 00
134625 0027 00 1 1 1 01
136625 0027 B2 0 1 1 00
138625 0000 00 1 1 1 01
140625 0028 F8 0 1 1 00
142625 0029 9A 0 1 1 01
144625 002A A2 0 1 1 00
146625 0000 00 1 1 1 01
148625 002B F8 0 1 1 00
150625 002C 92 0 1 1 01
152625 002D F1 0 1 1 00
154625 009A 57 0 1 1 01
156625 002E 52 0 1 1 00
158625 009A D7 1 1 1 01
160625 002F 12 0 1 1 00
162625 009A 00 1 1 1 01
164625 0030 F9 0 1 1 00
166625 0031 28 0 1 1 01
168625 0032 52 0 1 1 00
170625 009B FF 1 1 1 01
172625 0033 F8 0 1 1 00
174625 0034 33 0 1 1 01
176625 0035 F3 0 1 1 00
178625 009B FF 0 1 1 01
180625 0036 12 0 1 1 00
182625 009B 00 1 1 1 01
184625 0037 52 0 1 1 00
186625 009C CC 1 1 1 01
188625 0038 12 0 1 1 00
190625 009C 00 1 1 1 01
192625 0039 FB 0 1 1 00
194625 003A 28 0 1 1 01
196625 003B 52 0 1 1 00
198625 009D E4 1 1 1 01
200625 003C F8 0 1 1 00
202625 003D 04 0 1 1 01
204625 003E F2 0 1 1 00
206625 009D E4 0 1 1 01
208625 003F 12 0 1 1 00
210625 009D 00 1 1 1 01
212625 0040 52 0 1 1 00
214625 009E 04 1 1 1 01
216625 0041 12 0 1 1 00
218625 009E 00 1 1 1 01
220625 0042 FA 0 1 1 00
222625 0043 FF 0 1 1 01
224625 0044 52 0 1 1 00
226625 009F 04 1 1 1 01
228625 0045 12 0 1 1 00
230625 009F 00 1 1 1 01
232625 0046 F8 0 1 1 00
234625 0047 85 0 1 1 01
236625 0048 F6 0 1 1 00
238625 00A0 00 1 1 1 01
240625 0049 52 0 1 1 00
242625 00A0 42 1 1 1 01
244625 004A 12 0 1 1 00
246625 00A0 00 1 1 1 01
248625 004B F8 0 1 1 00
250625 004C 85 0 1 1 01
252625 004D FE 0 1 1 00
254625 004E 00 1 1 1 01
256625 004E 52 0 1 1 00
258625 00A1 0A 1 1 1 01
260625 004F 12 0 1 1 00
262625 00A1 00 1 1 1 01
264625 0050 F8 0 1 1 00
266625 0051 85 0 1 1 01
268625 0052 76 0 1 1 00
270625 00A2 00 1 1 1 01
272625 0053 52 0 1 1 00
274625 00A2 C2 1 1 1 01
276625 0054 12 0 1 1 00
278625 00A2 00 1 1 1 01
280625 0055 F8 0 1 1 00
282625 0056 1D 0 1 1 01
284625 0057 7E 0 1 1 00
286625 0058 00 1 1 1 01
288625 0058 52 0 1 1 00
290625 00A3 3B 1 1 1 01
292625 0059 F8 0 1 1 00
294625 005A F0 0 1 1 01
296625 005B F4 0 1 1 00
298625 00A3 3B 0 1 1 01
300625 005C 12 0 1 1 00
302625 00A3 00 1 1 1 01
304625 005D 52 0 1 1 00
306625 00A4 2B 1 1 1 01
308625 005E 12 0 1 1 00
310625 00A4 00 1 1 1 01
312625 005F FC 0 1 1 00
314625 0060 F0 0 1 1 01
316625 0061 52 0 1 1 00
318625 00A5 1B 1 1 1 01
320625 0062 12 0 1 1 00
322625 00A5 00 1 1 1 01
324625 0063 F8 0 1 1 00
326625 0064 2D 0 1 1 01
328625 0065 74 0 1 1 00
330625 00A6 3A 0 1 1 01
332625 0066 52 0 1 1 00
334625 00A6 68 1 1 1 01
336625 0067 12 0 1 1 00
338625 00A6 00 1 1 1 01
340625 0068 7C 0 1 1 00
342625 0069 F0 0 1 1 01
344625 006A 52 0 1 1 00
346625 00A7 58 1 1 1 01
348625 006B 12 0 1 1 00
350625 00A7 00 1 1 1 01
352625 006C F8 0 1 1 00
354625 006D 0E 0 1 1 01
356625 006E F5 0 1 1 00
358625 00A8 42 0 1 1 01
360625 006F 52 0 1 1 00
362625 00A8 34 1 1 1 01
364625 0070 12 0 1 1 00
366625 00A8 00 1 1 1 01
368625 0071 F8 0 1 1 00
370625 0072 92 0 1 1 01
372625 0073 F5 0 1 1 00
374625 00A9 57 0 1 1 01
376625 0074 52 0 1 1 00
378625 00A9 C5 1 1 1 01
380625 0075 12 0 1 1 00
382625 00A9 00 1 1 1 01
384625 0076 F8 0 1 1 00
386625 0077 20 0 1 1 01
388625 0078 75 0 1 1 00
390625 00AA 40 0 1 1 01
392625 0079 52 0 1 1 00
394625 00AA 1F 1 1 1 01
396625 007A 12 0 1 1 00
398625 00AA 00 1 1 1 01
400625 007B FD 0 1 1 00
402625 007C F0 0 1 1 01
404625 007D 52 0 1 1 00
406625 00AB D1 1 1 1 01
408625 007E 12 0 1 1 00
410625 00AB 00 1 1 1 01
412625 007F 7D 0 1 1 00
414625 0080 F0 0 1 1 01
416625 0081 52 0 1 1 00
418625 00AC 1F 1 1 1 01
420625 0082 12 0 1 1 00
422625 00AC 00 1 1 1 01
424625 0083 F8 0 1 1 00
426625 0084 92 0 1 1 01
428625 0085 F7 0 1 1 00
430625 00AD 57 0 1 1 01
432625 0086 52 0 1 1 00
434625 00AD 3B 1 1 1 01
436625 0087 12 0 1 1 00
438625 00AD 00 1 1 1 01
440625 0088 F8 0 1 1 00
442625 0089 71 0 1 1 01
444625 008A 7F 0 1 1 00
446625 008B F2 0 1 1 01
448625 008C 52 0 1 1 00
450625 00AE 7F 1 1 1 01
452625 008D 12 0 1 1 00
454625 00AE 00 1 1 1 01
456625 008E F8 0 1 1 00
458625 008F 4A 0 1 1 01
460625 0090 77 0 1 1 00
462625 00AF C1 0 1 1 01
464625 0091 52 0 1 1 00
466625 00AF 88 1 1 1 01
468625 0092 12 0 1 1 00
470625 00AF 00 1 1 1 01
472625 0093 F8 0 1 1 00
474625 0094 1B 0 1 1 01
476625 0095 FF 0 1 1 00
478625 0096 1A 0 1 1 01
480625 0097 52 0 1 1 00
482625 00B0 01 1 1 1 01
484625 0098 30 0 1 1 00
486625 0099 B1 0 1 1 01
488625 00B1 31 0 1 1 00
490625 00B2 B5 0 1 1 01
492625 00B5 7A 0 1 1 00
494625 00B6 00 1 1 0 01
496625 00B6 39 0 1 0 00
498625 00B7 B3 0 1 0 01
500625 00B3 3A 0 1 0 00
502625 00B4 B8 0 1 0 01
504625 00B8 3C 0 1 0 00
506625 00B9 B3 0 1 0 01
508625 00BA 34 0 1 0 00
510625 00BB BE 0 1 0 01
512625 00BE C8 0 1 0 00
514625 00BF C4 0 1 0 01
516625 00C0 C4 0 1 0 01
518625 00C1 C0 0 1 0 00
520625 00C2 01 0 1 0 01
522625 00C3 00 0 1 0 01
524625 0100 F8 0 1 0 00
526625 0101 12 0 1 0 01
528625 0102 CA 0 1 0 00
530625 0103 00 0 1 0 01
532625 0104 C4 0 1 0 01
534625 00C4 C5 0 1 0 00
536625 00C5 00 0 1 0 01
538625 00C6 00 0 1 0 01
540625 00C7 C9 0 1 0 00
542625 00C8 01 0 1 0 01
544625 00C9 05 0 1 0 01
546625 0105 F8 0 1 0 00
548625 0106 00 0 1 0 01
550625 0107 C2 0 1 0 00
552625 0108 00 0 1 0 01
554625 0109 CA 0 1 0 01
556625 00CA CF 0 1 0 00
558625 00CB 00 0 1 0 01
560625 00CC 00 0 1 0 01
562625 00CD C3 0 1 0 00
564625 00CE 01 0 1 0 01
566625 00CF 0A 0 1 0 01
568625 010A 7B 0 1 0 00
570625 010B 00 1 1 1 01
572625 010B C1 0 1 1 00
574625 010C 00 0 1 1 01
576625 010D F2 0 1 1 01
578625 00F2 B2 0 1 1 00
580625 00B0 00 1 1 1 01
582625 00F3 B9 0 1 1 00
584625 0000 00 1 1 1 01
586625 00F4 F8 0 1 1 00
588625 00F5 FF 0 1 1 01
590625 00F6 A2 0 1 1 00
592625 00B0 00 1 1 1 01
594625 00F7 A9 0 1 1 00
596625 0000 00 1 1 1 01
598625 00F8 F8 0 1 1 00
600625 00F9 00 0 1 1 01
602625 00FA 32 0 1 1 00
604625 00FB D0 0 1 1 01
606625 00D0 B1 0 1 1 00
608625 0000 00 1 1 1 01
610625 00D1 F8 0 1 1 00
612625 00D2 E2 0 1 1 01
614625 00D3 A1 0 1 1 00
616625 0000 00 1 1 1 01
618625 00D4 E3 0 1 1 00
620625 00D5 00 1 1 1 01
622625 00D5 70 0 1 1 00
624625 00D6 23 0 1 1 01
626625 00D7 7A 0 1 1 00
628625 00D8 00 1 1 0 01
630625 00D8 00 0 1 0 00
632625 001E 1E 0 1 0 01
634625 001E 1E 0 1 0 01
636625 001E 1E 0 1 0 01
638625 001E 1E 0 1 0 01
640625 001E 1E 0 1 0 01
642625 001E 1E 0 1 0 01
644625 001E 1E 0 1 0 01
646625 001E 1E 0 1 0 01
648625 001E 1E 0 1 0 01
650625 001E 1E 0 1 0 01
652625 001E 1E 0 1 0 01
654625 001E 1E 0 1 0 01
656625 001E 1E 0 1 0 01
658625 001E 1E 0 1 0 01
660625 001E 1E 0 1 0 01
662625 001E 1E 0 1 0 01
664625 001E 1E 0 1 0 01
666625 001E 1E 0 1 0 01
668625 001E 1E 0 1 0 01
670625 001E 1E 0 1 0 01
672625 001E 1E 0 1 0 01
674625 001E 1E 0 1 0 01
676625 001E 1E 0 1 0 01
678625 001E 1E 0 1 0 01
680625 001E 1E 0 1 0 01
682625 001E 1E 0 1 0 01
684625 001E 1E 0 1 0 01
686625 001E 1E 0 1 0 01
688625 001E 1E 0 1 0 01
690625 001E 1E 0 1 0 01
692625 001E 1E 0 1 0 01
694625 001E 1E 0 1 0 01
696625 001E 1E 0 1 0 01
698625 001E 1E 0 1 0 01
700625 001E 00 1 1 0 11
702625 00E2 78 0 1 0 00
704625 00FF 23 1 1 0 01
706625 00E3 E9 0 1 0 00
708625 00FF 00 1 1 0 01
710625 00E4 70 0 1 0 00
712625 00FF 23 0 1 0 01
714625 00D9 C0 0 1 0 00
716625 00DA 01 0 1 0 01
718625 00DB 0E 0 1 0 01
720625 010E 65 0 1 0 00
722625 00FF 23 0 1 0 01
724625 010F C4 0 1 0 00
726625 0110 6D 0 1 0 01
728625 0110 6D 0 1 0 01
730625 0110 6D 0 1 0 00
732625 0100 C5 1 0 0 01
734625 0111 79 0 1 0 00
736625 0100 23 1 1 0 01
738625 0112 7B 0 1 0 00
740625 0113 00 1 1 1 01
742625 0113 23 0 1 1 00
744625 0114 00 1 1 1 01
746625 0113 23 0 1 1 00
748625 0114 00 1 1 1 01
750625 0113 23 0 1 1 00
752625 0114 00 1 1 1 01
754625 0113 23 0 1 1 00
756625 0114 00 1 1 1 01
758625 0113 23 0 1 1 00
760625 0114 00 1 1 1 01
762625 0113 23 0 1 1 00
764625 0114 00 1 1 1 01
766625 0113 23 0 1 1 00
768625 0114 00 1 1 1 01
770625 0113 23 0 1 1 00
772625 0114 00 1 1 1 01
774625 0113 23 0 1 1 00
776625 0114 00 1 1 1 01
778625 0113 23 0 1 1 00
780625 0114 00 1 1 1 01
782625 0113 23 0 1 1 00
784625 0114 00 1 1 1 01
786625 0113 23 0 1 1 00
788625 0114 00 1 1 1 01
790625 0113 23 0 1 1 00
792625 0114 00 1 1 1 01
794625 0113 23 0 1 1 00
796625 0114 00 1 1 1 01
798625 0113 23 0 1 1 00
800625 0114 00 1 1 1 01
802625 0113 23 0 1 1 00
804625 0114 00 1 1 1 01
806625 0113 23 0 1 1 00
808625 0114 00 1 1 1 01
810625 0113 23 0 1 1 00
812625 0114 00 1 1 1 01
814625 0113 23 0 1 1 00
816625 0114 00 1 1 1 01
818625 0113 23 0 1 1 00
820625 0114 00 1 1 1 01
822625 0113 23 0 1 1 00
824625 0114 00 1 1 1 01
826625 0113 23 0 1 1 00
828625 0114 00 1 1 1 01
830625 0113 23 0 1 1 00
832625 0114 00 1 1 1 01
834625 0113 23 0 1 1 00
836625 0114 00 1 1 1 01
838625 0113 23 0 1 1 00
840625 0114 00 1 1 1 01
842625 0113 23 0 1 1 00
844625 0114 00 1 1 1 01
846625 0113 23 0 1 1 00
848625 0114 00 1 1 1 01
850625 0113 23 0 1 1 00
852625 0114 00 1 1 1 01
854625 0113 23 0 1 1 00
856625 0114 00 1 1 1 01
858625 0113 23 0 1 1 00
860625 0114 00 1 1 1 01
862625 0113 23 0 1 1 00
864625 0114 00 1 1 1 01
866625 0113 23 0 1 1 00
868625 0114 00 1 1 1 01
870625 0113 23 0 1 1 00
872625 0114 00 1 1 1 01
874625 0113 23 0 1 1 00
876625 0114 00 1 1 1 01
878625 0113 23 0 1 1 00
880625 0114 00 1 1 1 01
882625 0113 23 0 1 1 00
884625 0114 00 1 1 1 01
886625 0113 23 0 1 1 00
888625 0114 00 1 1 1 01
890625 0113 23 0 1 1 00
892625 0114 00 1 1 1 01
894625 0113 23 0 1 1 00
896625 0114 00 1 1 1 01
898625 0113 23 0 1 1 00
900625 0114 00 1 1 1 01
902625 0113 23 0 1 1 00
904625 0114 00 1 1 1 01
906625 0113 23 0 1 1 00
908625 0114 00 1 1 1 01
910625 0113 23 0 1 1 00
912625 0114 00 1 1 1 01
914625 0113 23 0 1 1 00
916625 0114 00 1 1 1 01
918625 0113 23 0 1 1 00
920625 0114 00 1 1 1 01
922625 0113 23 0 1 1 00
924625 0114 00 1 1 1 01
926625 0113 23 0 1 1 00
928625 0114 00 1 1 1 01
930625 0113 23 0 1 1 00
932625 0114 00 1 1 1 01
934625 0113 23 0 1 1 00
936625 0114 00 1 1 1 01
938625 0113 23 0 1 1 00
940625 0114 00 1 1 1 01
942625 0113 23 0 1 1 00
944625 0114 00 1 1 1 01
946625 0113 23 0 1 1 00
948625 0114 00 1 1 1 01
950625 0113 23 0 1 1 00
952625 0114 00 1 1 1 01
954625 001E 1E 0 1 1 10
956625 001F 1E 0 1 1 10
958625 0020 20 0 1 1 10
960625 0021 20 0 1 1 10
962625 0022 20 0 1 1 10
964625 0023 20 0 1 1 10
966625 0024 20 0 1 1 10
968625 0025 E2 0 1 1 10
970625 0026 93 0 1 1 10
972625 0027 B2 0 1 1 10
974625 0028 F8 0 1 1 10
976625 0029 9A 0 1 1 10
978625 002A A2 0 1 1 10
980625 002B F8 0 1 1 10
982625 002C 92 0 1 1 10
984625 002D F1 0 1 1 10
986625 002E 52 0 1 1 10
988625 002F 12 0 1 1 10
990625 0030 F9 0 1 1 10
992625 0031 28 0 1 1 10
994625 0032 52 0 1 1 10
996625 0033 F8 0 1 1 10
998625 0034 33 0 1 1 10
1000625 0035 F3 0 1 1 10
1002625 0036 12 0 1 1 10
1004625 0037 52 0 1 1 10
1006625 0038 12 0 1 1 10
1008625 0039 FB 0 1 1 10
1010625 003A 28 0 1 1 10
1012625 003B 52 0 1 1 10
1014625 003C F8 0 1 1 10
1016625 003D 04 0 1 1 10
1018625 003E F2 0 1 1 10
1020625 003F 12 0 1 1 10
1022625 0040 52 0 1 1 10
1024625 0041 12 0 1 1 10
1026625 0042 FA 0 1 1 10
1028625 0043 FF 0 1 1 10
1030625 0044 52 0 1 1 10
1032625 0045 12 0 1 1 10
1034625 0046 F8 0 1 1 10
1036625 0047 85 0 1 1 10
1038625 0048 F6 0 1 1 10
1040625 0049 52 0 1 1 10
1042625 004A 12 0 1 1 10
1044625 004B F8 0 1 1 10
1046625 004C 85 0 1 1 10
1048625 004D FE 0 1 1 10
1050625 004E 52 0 1 1 10
1052625 004F 12 0 1 1 10
1054625 0050 F8 0 1 1 10
1056625 0051 85 0 1 1 10
1058625 0052 76 0 1 1 10
1060625 0053 52 0 1 1 10
1062625 0054 12 0 1 1 10
1064625 0055 F8 0 1 1 10
1066625 0056 1D 0 1 1 10
1068625 0057 7E 0 1 1 10
1070625 0058 52 0 1 1 10
1072625 0059 F8 0 1 1 10
1074625 005A F0 0 1 1 10
1076625 005B F4 0 1 1 10
1078625 005C 12 0 1 1 10
1080625 005D 52 0 1 1 10
1082625 005E 12 0 1 1 10
1084625 005F FC 0 1 1 10
1086625 0060 F0 0 1 1 10
1088625 0061 52 0 1 1 10
1090625 0062 12 0 1 1 10
1092625 0063 F8 0 1 1 10
1094625 0064 2D 0 1 1 10
1096625 0065 74 0 1 1 10
1098625 0066 52 0 1 1 10
1100625 0067 12 0 1 1 10
1102625 0068 7C 0 1 1 10
1104625 0069 F0 0 1 1 10
1106625 006A 52 0 1 1 10
1108625 006B 12 0 1 1 10
1110625 006C F8 0 1 1 10
1112625 006D 0E 0 1 1 10
1114625 006E F5 0 1 1 10
1116625 006F 52 0 1 1 10
1118625 0070 12 0 1 1 10
1120625 0071 F8 0 1 1 10
1122625 0072 92 0 1 1 10
1124625 0073 F5 0 1 1 10
1126625 0074 52 0 1 1 10
1128625 0075 12 0 1 1 10
1130625 0076 F8 0 1 1 10
1132625 0077 20 0 1 1 10
1134625 0078 75 0 1 1 10
1136625 0079 52 0 1 1 10
1138625 007A 12 0 1 1 10
1140625 007B FD 0 1 1 10
1142625 007C F0 0 1 1 10
1144625 007D 52 0 1 1 10
1146625 007E 12 0 1 1 10
1148625 007F 7D 0 1 1 10
1150625 0080 F0 0 1 1 10
1152625 0081 52 0 1 1 10
1154625 0082 12 0 1 1 10
1156625 0083 F8 0 1 1 10
1158625 0084 92 0 1 1 10
1160625 0085 F7 0 1 1 10
1162625 0086 52 0 1 1 10
1164625 0087 12 0 1 1 10
1166625 0088 F8 0 1 1 10
1168625 0089 71 0 1 1 10
1170625 008A 7F 0 1 1 10
1172625 008B F2 0 1 1 10
1174625 008C 52 0 1 1 10
1176625 008D 12 0 1 1 10
1178625 008E F8 0 1 1 10
1180625 008F 4A 0 1 1 10
1182625 0090 77 0 1 1 10
1184625 0091 52 0 1 1 10
1186625 0092 12 0 1 1 10
1188625 0093 F8 0 1 1 10
1190625 0094 1B 0 1 1 10
1192625 0095 FF 0 1 1 10
1194625 0096 1A 0 1 1 10
1196625 0097 52 0 1 1 10
1198625 0098 30 0 1 1 10
1200625 0099 B1 0 1 1 10
1202625 009A D7 0 1 1 10
1204625 009B 09 1 1 1 10
1206625 009C 09 1 1 1 10
1208625 009D 09 1 1 1 10
1210625 009E 09 1 1 1 10
1212625 009F 09 1 1 1 10
1214625 00A0 09 1 1 1 10
1216625 00A1 09 1 1 1 10
1218625 00A2 09 1 1 1 10
1220625 00A3 09 1 1 1 10
1222625 00A4 09 1 1 1 10
1224625 00A5 09 1 1 1 10
1226625 00A6 09 1 1 1 10
1228625 00A7 09 1 1 1 10
1230625 00A8 09 1 1 1 10
1232625 00A9 09 1 1 1 10
1234625 00AA 09 1 1 1 10
1236625 00AB 09 1 1 1 10
1238625 00AC 09 1 1 1 10
1240625 00AD 09 1 1 1 10
1242625 00AE 09 1 1 1 10
1244625 00AF 09 1 1 1 10
1246625 00B0 09 1 1 1 10
1248625 00B1 09 1 1 1 10
1250625 00B2 09 1 1 1 10
1252625 00B3 09 1 1 1 10
