# time_ns ram_addr data nMRD nMWR Q SC
7125 0000 00 1 1 0 01
9375 0000 71 0 1 0 00
11375 0001 00 0 1 0 01
13375 0002 E2 0 1 0 00
15375 0000 00 1 1 0 01
17375 0003 7B 0 1 0 00
19375 0004 00 1 1 1 01
21375 0004 90 0 1 1 00
23375 0005 00 1 1 1 01
25375 0005 B3 0 1 1 00
27375 0000 00 1 1 1 01
29375 0006 F8 0 1 1 00
31375 0007 1E 0 1 1 01
33375 0008 A3 0 1 1 00
35375 0000 00 1 1 1 01
37375 0009 53 0 1 1 00
39375 001E 1E 1 1 1 01
41375 000A 13 0 1 1 00
43375 001E 00 1 1 1 01
45375 000B E3 0 1 1 00
47375 001F 00 1 1 1 01
49375 000C 73 0 1 1 00
51375 001F 1E 1 1 1 01
53375 000D 60 0 1 1 00
55375 001E 1E 0 1 1 01
62625 000E 60 0 1 1 00
64625 001F 1E 0 1 1 01
66625 000F 83 0 1 1 00
68625 0020 00 1 1 1 01
70625 0010 53 0 1 1 00
72625 0020 20 1 1 1 01
74625 0011 C4 0 1 1 00
76625 0012 43 0 1 1 01
78625 0012 43 0 1 1 01
80625 0012 43 0 1 1 00
82625 0020 20 0 1 1 01
84625 0013 53 0 1 1 00
86625 0021 20 1 1 1 01
88625 0014 03 0 1 1 00
90625 0021 20 0 1 1 01
92625 0015 13 0 1 1 00
94625 0021 00 1 1 1 01
96625 0016 53 0 1 1 00
98625 0022 20 1 1 1 01
100625 0017 72 0 1 1 00
102625 0022 20 0 1 1 01
104625 0018 53 0 1 1 00
106625 0023 20 1 1 1 01
108625 0019 F0 0 1 1 00
110625 0023 20 0 1 1 01
112625 001A 13 0 1 1 00
114625 0023 00 1 1 1 01
116625 001B 53 0 1 1 00
118625 0024 20 1 1 1 01
120625 001C 13 0 1 1 00
122625 0024 00 1 1 1 01
124625 001D D3 0 1 1 00
126625 0025 00 1 1 1 01
128625 0025 E2 0 1 1 00
130625 0000 00 1 1 1 01
132625 0026 93 0 1 1 00
134625 0027 00 1 1 1 01
136625 0027 B2 0 1 1 00
138625 0000 00 1 1 1 01
140625 0028 F8 0 1 1 00
142625 0029 9A 0 1 1 01
144625 002A A2 0 1 1 00
146625 0000 00 1 1 1 01
148625 002B F8 0 1 1 00
150625 002C 92 0 1 1 01
152625 002D F1 0 1 1 00
154625 009A 57 0 1 1 01
156625 002E 52 0 1 1 00
158625 009A D7 1 1 1 01
160625 002F 12 0 1 1 00
162625 009A 00 1 1 1 01
164625 0030 F9 0 1 1 00
166625 0031 28 0 1 1 01
168625 0032 52 0 1 1 00
170625 009B FF 1 1 1 01
172625 0033 F8 0 1 1 00
174625 0034 33 0 1 1 01
176625 0035 F3 0 1 1 00
178625 009B FF 0 1 1 01
180625 0036 12 0 1 1 00
182625 009B 00 1 1 1 01
184625 0037 52 0 1 1 00
186625 009C CC 1 1 1 01
188625 0038 12 0 1 1 00
190625 009C 00 1 1 1 01
192625 0039 FB 0 1 1 00
194625 003A 28 0 1 1 01
196625 003B 52 0 1 1 00
198625 009D E4 1 1 1 01
200625 003C F8 0 1 1 00
202625 003D 04 0 1 1 01
204625 003E F2 0 1 1 00
206625 009D E4 0 1 1 01
208625 003F 12 0 1 1 00
210625 009D 00 1 1 1 01
212625 0040 52 0 1 1 00
214625 009E 04 1 1 1 01
216625 0041 12 0 1 1 00
218625 009E 00 1 1 1 01
220625 0042 FA 0 1 1 00
222625 0043 FF 0 1 1 01
224625 0044 52 0 1 1 00
226625 009F 04 1 1 1 01
228625 0045 12 0 1 1 00
230625 009F 00 1 1 1 01
232625 0046 F8 0 1 1 00
234625 0047 85 0 1 1 01
236625 0048 F6 0 1 1 00
238625 00A0 00 1 1 1 01
240625 0049 52 0 1 1 00
242625 00A0 42 1 1 1 01
244625 004A 12 0 1 1 00
246625 00A0 00 1 1 1 01
248625 004B F8 0 1 1 00
250625 004C 85 0 1 1 01
252625 004D FE 0 1 1 00
254625 004E 00 1 1 1 01
256625 004E 52 0 1 1 00
258625 00A1 0A 1 1 1 01
260625 004F 12 0 1 1 00
262625 00A1 00 1 1 1 01
264625 0050 F8 0 1 1 00
266625 0051 85 0 1 1 01
268625 0052 76 0 1 1 00
270625 00A2 00 1 1 1 01
272625 0053 52 0 1 1 00
274625 00A2 C2 1 1 1 01
276625 0054 12 0 1 1 00
278625 00A2 00 1 1 1 01
280625 0055 F8 0 1 1 00
282625 0056 1D 0 1 1 01
284625 0057 7E 0 1 1 00
286625 0058 00 1 1 1 01
288625 0058 52 0 1 1 00
290625 00A3 3B 1 1 1 01
292625 0059 F8 0 1 1 00
294625 005A F0 0 1 1 01
296625 005B F4 0 1 1 00
298625 00A3 3B 0 1 1 01
300625 005C 12 0 1 1 00
302625 00A3 00 1 1 1 01
304625 005D 52 0 1 1 00
306625 00A4 2B 1 1 1 01
308625 005E 12 0 1 1 00
310625 00A4 00 1 1 1 01
312625 005F FC 0 1 1 00
314625 0060 F0 0 1 1 01
316625 0061 52 0 1 1 00
318625 00A5 1B 1 1 1 01
320625 0062 12 0 1 1 00
322625 00A5 00 1 1 1 01
324625 0063 F8 0 1 1 00
326625 0064 2D 0 1 1 01
328625 0065 74 0 1 1 00
330625 00A6 3A 0 1 1 01
332625 0066 52 0 1 1 00
334625 00A6 68 1 1 1 01
336625 0067 12 0 1 1 00
338625 00A6 00 1 1 1 01
340625 0068 7C 0 1 1 00
342625 0069 F0 0 1 1 01
344625 006A 52 0 1 1 00
346625 00A7 58 1 1 1 01
348625 006B 12 0 1 1 00
350625 00A7 00 1 1 1 01
352625 006C F8 0 1 1 00
354625 006D 0E 0 1 1 01
356625 006E F5 0 1 1 00
358625 00A8 42 0 1 1 01
360625 006F 52 0 1 1 00
362625 00A8 34 1 1 1 01
364625 0070 12 0 1 1 00
366625 00A8 00 1 1 1 01
368625 0071 F8 0 1 1 00
370625 0072 92 0 1 1 01
372625 0073 F5 0 1 1 00
374625 00A9 57 0 1 1 01
376625 0074 52 0 1 1 00
378625 00A9 C5 1 1 1 01
380625 0075 12 0 1 1 00
382625 00A9 00 1 1 1 01
384625 0076 F8 0 1 1 00
386625 0077 20 0 1 1 01
388625 0078 75 0 1 1 00
390625 00AA 40 0 1 1 01
392625 0079 52 0 1 1 00
394625 00AA 1F 1 1 1 01
396625 007A 12 0 1 1 00
398625 00AA 00 1 1 1 01
400625 007B FD 0 1 1 00
402625 007C F0 0 1 1 01
404625 007D 52 0 1 1 00
406625 00AB D1 1 1 1 01
408625 007E 12 0 1 1 00
410625 00AB 00 1 1 1 01
412625 007F 7D 0 1 1 00
414625 0080 F0 0 1 1 01
416625 0081 52 0 1 1 00
418625 00AC 1F 1 1 1 01
420625 0082 12 0 1 1 00
422625 00AC 00 1 1 1 01
424625 0083 F8 0 1 1 00
426625 0084 92 0 1 1 01
428625 0085 F7 0 1 1 00
430625 00AD 57 0 1 1 01
432625 0086 52 0 1 1 00
434625 00AD 3B 1 1 1 01
436625 0087 12 0 1 1 00
438625 00AD 00 1 1 1 01
440625 0088 F8 0 1 1 00
442625 0089 71 0 1 1 01
444625 008A 7F 0 1 1 00
446625 008B F2 0 1 1 01
448625 008C 52 0 1 1 00
450625 00AE 7F 1 1 1 01
452625 008D 12 0 1 1 00
454625 00AE 00 1 1 1 01
456625 008E F8 0 1 1 00
458625 008F 4A 0 1 1 01
460625 0090 77 0 1 1 00
462625 00AF C1 0 1 1 01
464625 0091 52 0 1 1 00
466625 00AF 88 1 1 1 01
468625 0092 12 0 1 1 00
470625 00AF 00 1 1 1 01
472625 0093 F8 0 1 1 00
474625 0094 1B 0 1 1 01
476625 0095 FF 0 1 1 00
478625 0096 1A 0 1 1 01
480625 0097 52 0 1 1 00
482625 00B0 01 1 1 1 01
484625 0098 30 0 1 1 00
486625 0099 B1 0 1 1 01
488625 00B1 31 0 1 1 00
490625 00B2 B5 0 1 1 01
492625 00B5 7A 0 1 1 00
494625 00B6 00 1 1 0 01
496625 00B6 39 0 1 0 00
498625 00B7 B3 0 1 0 01
500625 00B3 3A 0 1 0 00
502625 00B4 B8 0 1 0 01
504625 00B8 3C 0 1 0 00
506625 00B9 B3 0 1 0 01
508625 00BA 34 0 1 0 00
510625 00BB BE 0 1 0 01
512625 00BE C8 0 1 0 00
514625 00BF C4 0 1 0 01
516625 00C0 C4 0 1 0 01
518625 00C1 C0 0 1 0 00
520625 00C2 01 0 1 0 01
522625 00C3 00 0 1 0 01
524625 0100 F8 0 1 0 00
526625 0101 12 0 1 0 01
528625 0102 CA 0 1 0 00
530625 0103 00 0 1 0 01
532625 0104 C4 0 1 0 01
534625 00C4 C5 0 1 0 00
536625 00C5 00 0 1 0 01
538625 00C6 00 0 1 0 01
540625 00C7 C9 0 1 0 00
542625 00C8 01 0 1 0 01
544625 00C9 05 0 1 0 01
546625 0105 F8 0 1 0 00
548625 0106 00 0 1 0 01
550625 0107 C2 0 1 0 00
552625 0108 00 0 1 0 01
554625 0109 CA 0 1 0 01
556625 00CA CF 0 1 0 00
558625 00CB 00 0 1 0 01
560625 00CC 00 0 1 0 01
562625 00CD C3 0 1 0 00
564625 00CE 01 0 1 0 01
566625 00CF 0A 0 1 0 01
568625 010A 7B 0 1 0 00
570625 010B 00 1 1 1 01
572625 010B C1 0 1 1 00
574625 010C 00 0 1 1 01
576625 010D F2 0 1 1 01
578625 00F2 B2 0 1 1 00
580625 00B0 00 1 1 1 01
582625 00F3 B9 0 1 1 00
584625 0000 00 1 1 1 01
586625 00F4 F8 0 1 1 00
588625 00F5 FF 0 1 1 01
590625 00F6 A2 0 1 1 00
592625 00B0 00 1 1 1 01
594625 00F7 A9 0 1 1 00
596625 0000 00 1 1 1 01
598625 00F8 F8 0 1 1 00
600625 00F9 00 0 1 1 01
602625 00FA 32 0 1 1 00
604625 00FB D0 0 1 1 01
606625 00D0 B1 0 1 1 00
608625 0000 00 1 1 1 01
610625 00D1 F8 0 1 1 00
612625 00D2 E2 0 1 1 01
614625 00D3 A1 0 1 1 00
616625 0000 00 1 1 1 01
618625 00D4 E3 0 1 1 00
620625 00D5 00 1 1 1 01
622625 00D5 70 0 1 1 00
624625 00D6 23 0 1 1 01
626625 00D6 00 1 1 1 11
628625 00E2 78 0 1 1 00
630625 00FF 23 1 1 1 01
632625 00E3 E9 0 1 1 00
634625 00FF 00 1 1 1 01
636625 00E4 70 0 1 1 00
638625 00FF 23 0 1 1 01
640625 00D7 7A 0 1 1 00
642625 00D8 00 1 1 0 01
644625 00D8 00 0 1 0 00
646625 001E 1E 0 1 0 01
648625 001E 1E 0 1 0 01
650625 001E 1E 0 1 0 01
652625 001E 1E 0 1 0 01
654625 001E 1E 0 1 0 01
656625 001E 1E 0 1 0 01
658625 001E 1E 0 1 0 01
660625 001E 1E 0 1 0 01
662625 001E 1E 0 1 0 01
664625 001E 1E 0 1 0 01
666625 001E 1E 0 1 0 01
668625 001E 1E 0 1 0 01
670625 001E 1E 0 1 0 01
672625 001E 1E 0 1 0 01
674625 001E 1E 0 1 0 01
676625 001E 1E 0 1 0 01
678625 001E 1E 0 1 0 01
680625 001E 1E 0 1 0 01
682625 001E 1E 0 1 0 01
684625 001E 1E 0 1 0 01
686625 001E 1E 0 1 0 01
688625 001E 1E 0 1 0 01
690625 001E 1E 0 1 0 01
692625 001E 1E 0 1 0 01
694625 001E 1E 0 1 0 01
696625 001E 1E 0 1 0 01
698625 001E 1E 0 1 0 01
700625 001E 1E 0 1 0 01
702625 001E 00 1 1 0 11
704625 00E5 00 0 1 0 00
706625 001E 1E 0 1 0 01
708625 001E 1E 0 1 0 01
710625 001E 1E 0 1 0 01
712625 001E 1E 0 1 0 01
714625 001E 1E 0 1 0 01
716625 001E 1E 0 1 0 01
718625 001E 1E 0 1 0 01
720625 001E 1E 0 1 0 01
722625 001E 1E 0 1 0 01
724625 001E 1E 0 1 0 01
726625 001E 1E 0 1 0 01
728625 001E 1E 0 1 0 01
730625 001E 1E 0 1 0 01
732625 001E 1E 0 1 0 01
734625 001E 1E 0 1 0 01
736625 001E 1E 0 1 0 01
738625 001E 1E 0 1 0 01
740625 001E 1E 0 1 0 01
742625 001E 1E 0 1 0 01
744625 001E 1E 0 1 0 01
746625 001E 1E 0 1 0 01
748625 001E 1E 0 1 0 01
750625 001E 1E 0 1 0 01
752625 001E 1E 0 1 0 01
754625 001E 1E 0 1 0 01
756625 001E 1E 0 1 0 01
758625 001E 1E 0 1 0 01
760625 001E 1E 0 1 0 01
762625 001E 1E 0 1 0 01
764625 001E 1E 0 1 0 01
766625 001E 1E 0 1 0 01
768625 001E 1E 0 1 0 01
770625 001E 1E 0 1 0 01
772625 001E 1E 0 1 0 01
774625 001E 1E 0 1 0 01
776625 001E 1E 0 1 0 01
778625 001E 1E 0 1 0 01
780625 001E 1E 0 1 0 01
782625 001E 1E 0 1 0 01
784625 001E 1E 0 1 0 01
786625 001E 1E 0 1 0 01
788625 001E 1E 0 1 0 01
790625 001E 1E 0 1 0 01
792625 001E 1E 0 1 0 01
794625 001E 1E 0 1 0 01
796625 001E 1E 0 1 0 01
798625 001E 1E 0 1 0 01
800625 001E 1E 0 1 0 01
802625 001E 1E 0 1 0 01
804625 001E 1E 0 1 0 01
806625 001E 1E 0 1 0 01
808625 001E 1E 0 1 0 01
810625 001E 1E 0 1 0 01
812625 001E 1E 0 1 0 01
814625 001E 1E 0 1 0 01
816625 001E 1E 0 1 0 01
818625 001E 1E 0 1 0 01
820625 001E 1E 0 1 0 01
822625 001E 1E 0 1 0 01
824625 001E 1E 0 1 0 01
826625 001E 1E 0 1 0 01
828625 001E 1E 0 1 0 01
830625 001E 1E 0 1 0 01
832625 001E 1E 0 1 0 01
834625 001E 1E 0 1 0 01
836625 001E 1E 0 1 0 01
838625 001E 1E 0 1 0 01
840625 001E 1E 0 1 0 01
842625 001E 1E 0 1 0 01
844625 001E 1E 0 1 0 01
846625 001E 1E 0 1 0 01
848625 001E 1E 0 1 0 01
850625 001E 1E 0 1 0 01
852625 001E 1E 0 1 0 01
854625 001E 1E 0 1 0 01
856625 001E 1E 0 1 0 01
858625 001E 1E 0 1 0 01
860625 001E 1E 0 1 0 01
862625 001E 1E 0 1 0 01
864625 001E 1E 0 1 0 01
866625 001E 1E 0 1 0 01
868625 001E 1E 0 1 0 01
870625 001E 1E 0 1 0 01
872625 001E 1E 0 1 0 01
874625 001E 1E 0 1 0 01
876625 001E 1E 0 1 0 01
878625 001E 1E 0 1 0 01
880625 001E 1E 0 1 0 01
882625 001E 1E 0 1 0 01
884625 001E 1E 0 1 0 01
886625 001E 1E 0 1 0 01
888625 001E 1E 0 1 0 01
890625 001E 1E 0 1 0 01
892625 001E 1E 0 1 0 01
894625 001E 1E 0 1 0 01
896625 001E 1E 0 1 0 01
898625 001E 1E 0 1 0 01
900625 001E 1E 0 1 0 01
902625 001E 1E 0 1 0 01
904625 001E 1E 0 1 0 01
906625 001E 1E 0 1 0 01
908625 001E 1E 0 1 0 01
910625 001E 1E 0 1 0 01
912625 001E 1E 0 1 0 01
914625 001E 1E 0 1 0 01
916625 001E 1E 0 1 0 01
918625 001E 1E 0 1 0 01
920625 001E 1E 0 1 0 01
922625 001E 1E 0 1 0 01
924625 001E 1E 0 1 0 01
926625 001E 1E 0 1 0 01
928625 001E 1E 0 1 0 01
930625 001E 1E 0 1 0 01
932625 001E 1E 0 1 0 01
934625 001E 1E 0 1 0 01
936625 001E 1E 0 1 0 01
938625 001E 1E 0 1 0 01
940625 001E 1E 0 1 0 01
942625 001E 1E 0 1 0 01
944625 001E 1E 0 1 0 01
946625 001E 1E 0 1 0 01
948625 001E 1E 0 1 0 01
950625 001E 1E 0 1 0 01
952625 001E 1E 0 1 0 01
954625 001E 1E 0 1 0 01
956625 001E 1E 0 1 0 01
958625 001E 1E 0 1 0 01
960625 001E 1E 0 1 0 01
962625 001E 1E 0 1 0 01
964625 001E 1E 0 1 0 01
966625 001E 1E 0 1 0 01
968625 001E 1E 0 1 0 01
970625 001E 1E 0 1 0 01
972625 001E 1E 0 1 0 01
974625 001E 1E 0 1 0 01
976625 001E 1E 0 1 0 01
978625 001E 1E 0 1 0 01
980625 001E 1E 0 1 0 01
982625 001E 1E 0 1 0 01
984625 001E 1E 0 1 0 01
986625 001E 1E 0 1 0 01
988625 001E 1E 0 1 0 01
990625 001E 1E 0 1 0 01
992625 001E 1E 0 1 0 01
994625 001E 1E 0 1 0 01
996625 001E 1E 0 1 0 01
998625 001E 1E 0 1 0 01
1000625 001E 1E 0 1 0 01
1002625 001E 1E 0 1 0 01
1004625 001E 1E 0 1 0 01
1006625 001E 1E 0 1 0 01
1008625 001E 1E 0 1 0 01
1010625 001E 1E 0 1 0 01
1012625 001E 1E 0 1 0 01
1014625 001E 1E 0 1 0 01
1016625 001E 1E 0 1 0 01
1018625 001E 1E 0 1 0 01
1020625 001E 1E 0 1 0 01
1022625 001E 1E 0 1 0 01
1024625 001E 1E 0 1 0 01
1026625 001E 1E 0 1 0 01
1028625 001E 1E 0 1 0 01
1030625 001E 1E 0 1 0 01
1032625 001E 1E 0 1 0 01
1034625 001E 1E 0 1 0 01
1036625 001E 1E 0 1 0 01
1038625 001E 1E 0 1 0 01
1040625 001E 1E 0 1 0 01
1042625 001E 1E 0 1 0 01
1044625 001E 1E 0 1 0 01
1046625 001E 1E 0 1 0 01
1048625 001E 1E 0 1 0 01
1050625 001E 1E 0 1 0 01
1052625 001E 1E 0 1 0 01
1054625 001E 1E 0 1 0 01
1056625 001E 1E 0 1 0 01
1058625 001E 1E 0 1 0 01
1060625 001E 1E 0 1 0 01
